# Flux file for tutorials//
# This is the DUNE ND numu flux for nu mode,
# from http://home.fnal.gov/~ljf26/DUNE2015CDRFluxes/NuMI_Improved_80GeV_StandardDP/g4lbne_v3r2p4b_FHC_ND_globes_flux.txt
#
0.125	0.0000313196310484
0.375	0.0000429923044355
0.625	0.000076750896371
0.875	0.000145891383065
1.125	0.000220880729839
1.375	0.000280061217742
1.625	0.000320721979839
1.875	0.000325018407258
2.125	0.000323411987903
2.375	0.00031333566129
2.625	0.000299777221774
2.875	0.00029123178629
3.125	0.00027878433871
3.375	0.000260750096774
3.625	0.00023654525
3.875	0.000209586298387
4.125	0.000177441209677
4.375	0.000145458633065
4.625	0.000112591152419
4.875	0.0000838750060484
5.125	0.0000592353733871
5.375	0.0000431056092742
5.625	0.0000307824887097
5.875	0.000021493365121
6.125	0.000016603843871
6.375	0.0000127669815726
6.625	0.0000100576766935
6.875	8.81772181452e-6
7.125	7.83185794355e-6
7.375	6.87883429839e-6
7.625	6.21552149597e-6
7.875	5.76165730645e-6
8.125	5.62546796774e-6
8.375	5.31673322581e-6
8.625	4.810684375e-6
8.875	4.70403983871e-6
9.125	4.65482834677e-6
9.375	4.58615251613e-6
9.625	4.05876986694e-6
9.875	4.22838526613e-6
10.125	3.98442828226e-6
10.375	3.64712370968e-6
10.625	3.57818393145e-6
10.875	3.63283100806e-6
11.125	3.54259576613e-6
11.375	3.47285434274e-6
11.625	3.3797405e-6
11.875	3.36545056048e-6
12.125	3.06090212097e-6
12.375	3.13620676613e-6
12.625	3.15683400403e-6
12.875	3.05242772581e-6
13.125	2.88690334274e-6
13.375	2.93854051613e-6
13.625	2.98015053629e-6
13.875	2.64825782258e-6
14.125	2.39641907661e-6
14.375	2.28387914919e-6
14.625	2.56018412903e-6
14.875	2.19069956855e-6
15.125	1.91408141935e-6
15.375	1.97288641935e-6
15.625	1.94928991935e-6
15.875	1.76255365726e-6
16.125	1.83841953226e-6
16.375	1.62822902823e-6
16.625	1.5193117379e-6
16.875	1.43460656452e-6
17.125	1.60775944355e-6
17.375	1.32727374194e-6
17.625	1.3525192371e-6
17.875	1.44845536895e-6
18.125	1.1391318871e-6
18.375	1.18415089113e-6
18.625	1.07954357258e-6
18.875	1.03609525806e-6
19.125	9.7128871371e-7
19.375	9.73579229839e-7
19.625	9.29956455645e-7
19.875	8.37880040323e-7
20.125	7.57380758065e-7
20.375	8.8795996371e-7
20.625	6.92592858871e-7
20.875	6.41158475806e-7
21.125	7.23868717742e-7
21.375	7.34672282258e-7
21.625	6.52265149194e-7
21.875	6.27999673387e-7
22.125	6.10203697581e-7
22.375	5.3283771371e-7
22.625	4.84696677419e-7
22.875	4.70210891129e-7
23.125	4.59127008065e-7
23.375	5.31212169355e-7
23.625	4.06921629032e-7
23.875	4.1464466129e-7
24.125	3.7339916129e-7
24.375	3.33192495968e-7
24.625	3.87995802419e-7
24.875	3.30730528226e-7
25.125	3.08818504032e-7
25.375	3.25319008065e-7
25.625	2.80121266129e-7
25.875	2.79045229839e-7
26.125	2.88282165323e-7
26.375	2.87549879032e-7
26.625	3.82635282258e-7
26.875	2.35182737903e-7
27.125	2.30204241935e-7
27.375	2.39756407258e-7
27.625	1.95105600806e-7
27.875	2.28235685484e-7
28.125	2.12702177419e-7
28.375	2.22868794355e-7
28.625	2.16395766129e-7
28.875	1.93197854839e-7
29.125	1.91589483871e-7
29.375	2.10251298387e-7
29.625	1.83324991935e-7
29.875	1.63179677419e-7
30.125	1.7795908871e-7
30.375	1.53185379032e-7
30.625	1.40720415323e-7
30.875	1.45115584677e-7
31.125	1.38451705645e-7
31.375	1.13637479839e-7
31.625	1.36749532258e-7
31.875	1.15509362903e-7
32.125	1.29016334677e-7
32.375	1.26415532258e-7
32.625	1.05446028226e-7
32.875	1.13472903226e-7
33.125	9.99975846774e-8
33.375	9.69898951613e-8
33.625	8.90869879032e-8
33.875	8.50330887097e-8
34.125	1.09987754032e-7
34.375	7.27229153226e-8
34.625	8.7097016129e-8
34.875	7.84518709677e-8
35.125	7.87787217742e-8
35.375	8.63442419355e-8
35.625	7.31873145161e-8
35.875	5.30239596774e-8
36.125	6.18400040323e-8
36.375	8.33583064516e-8
36.625	4.69375282258e-8
36.875	6.69086048387e-8
37.125	4.9879125e-8
37.375	8.87886814516e-8
37.625	3.98283145161e-8
37.875	4.78608991935e-8
38.125	4.63596491935e-8
38.375	4.03840443548e-8
38.625	3.6283391129e-8
38.875	8.02067258065e-8
39.125	4.85859798387e-8
39.375	4.42304193548e-8
39.625	2.71844354839e-8
39.875	3.20265806452e-8
40.125	3.77368991935e-8
40.375	3.34691733871e-8
40.625	4.38990080645e-8
40.875	3.3271016129e-8
41.125	5.58101048387e-8
41.375	2.18272701613e-8
41.625	2.2815125e-8
41.875	2.41923266129e-8
42.125	3.76828145161e-8
42.375	1.13163669355e-8
42.625	1.94412943548e-8
42.875	2.68623185484e-8
43.125	7.13813709677e-9
43.375	2.13186330645e-8
43.625	1.85743870968e-8
43.875	3.64817701613e-8
44.125	1.59033790323e-8
44.375	2.81667217742e-8
44.625	1.48350604839e-8
44.875	9.83553629032e-9
45.125	2.90103306452e-8
45.375	2.47616612903e-8
45.625	2.87800322581e-8
45.875	1.99580322581e-8
46.125	2.83377217742e-8
46.375	2.26835322581e-8
46.625	7.46341935484e-9
46.875	1.53904475806e-8
47.125	8.60445564516e-9
47.375	5.59927016129e-9
47.625	9.7768266129e-9
47.875	1.80874879032e-8
48.125	1.02792943548e-8
48.375	1.31830725806e-8
48.625	8.96244758065e-9
48.875	3.07999193548e-9
49.125	5.62692741935e-9
49.375	7.95662096774e-9
49.625	6.01165322581e-9
49.875	5.1460483871e-9
50.125	4.6364516129e-9
50.375	8.53853225806e-9
50.625	1.25680806452e-8
50.875	7.42994354839e-9
51.125	1.0839233871e-8
51.375	0.
51.625	2.19358064516e-8
51.875	1.41868145161e-8
52.125	5.45915322581e-9
52.375	3.6685e-9
52.625	8.46576612903e-9
52.875	3.22802822581e-9
53.125	3.11811693548e-9
53.375	0.
53.625	0.
53.875	4.43637096774e-9
54.125	4.91971774194e-9
54.375	0.
54.625	0.
54.875	6.82536290323e-9
55.125	3.54230241935e-9
55.375	0.
55.625	6.68842741935e-9
55.875	0.
56.125	0.
56.375	0.
56.625	5.48161290323e-9
56.875	1.27883467742e-8
57.125	0.
57.375	0.
57.625	0.
57.875	0.
58.125	0.
58.375	0.
58.625	0.
58.875	0.
59.125	0.
59.375	0.
59.625	0.
59.875	8.03810483871e-9
