#
# This is the DUNE ND numubar flux for nubar mode,
# from http://home.fnal.gov/~ljf26/DUNE2015CDRFluxes/NuMI_Improved_80GeV_StandardDP/g4lbne_v3r2p4b_RHC_ND_globes_flux.txt
#
0.125	0.0000251338944
0.375	0.000014661888
0.625	0.00001361163348
0.875	0.00001438611048
1.125	0.00001511969604
1.375	0.0000173284656
1.625	0.0000179682272
1.875	0.0000170360424
2.125	0.00001606384324
2.375	0.00001435549228
2.625	0.00001319955552
2.875	0.00001184333704
3.125	0.00001112782984
3.375	0.00001084691168
3.625	0.00001076812156
3.875	0.000010379343
4.125	0.00001007831396
4.375	9.72920224e-6
4.625	9.0576776e-6
4.875	8.88867228e-6
5.125	8.96959904e-6
5.375	7.756053504e-6
5.625	7.637356008e-6
5.875	7.024961464e-6
6.125	6.691952872e-6
6.375	5.90987154e-6
6.625	5.690790296e-6
6.875	5.037934708e-6
7.125	4.587841616e-6
7.375	4.5554187408e-6
7.625	4.200416476e-6
7.875	3.6398752908e-6
8.125	3.639284092e-6
8.375	3.5777989852e-6
8.625	2.9755179736e-6
8.875	2.9143180264e-6
9.125	2.543927376e-6
9.375	2.2005275672e-6
9.625	2.3094893908e-6
9.875	2.0560139184e-6
10.125	1.8969254204e-6
10.375	2.0866848076e-6
10.625	2.1235720548e-6
10.875	2.0617857408e-6
11.125	1.8557433308e-6
11.375	1.7043858112e-6
11.625	1.7054482664e-6
11.875	1.4753040432e-6
12.125	1.3089897372e-6
12.375	1.3695381476e-6
12.625	1.212507382e-6
12.875	1.17265407e-6
13.125	1.1061069184e-6
13.375	1.0579451252e-6
13.625	1.1648428472e-6
13.875	1.0697682556e-6
14.125	9.479237096e-7
14.375	1.2480545172e-6
14.625	8.069079864e-7
14.875	8.659835492e-7
15.125	1.0897655996e-6
15.375	7.4508565e-7
15.625	7.75817456e-7
15.875	7.586860672e-7
16.125	5.56052396e-7
16.375	7.69023878e-7
16.625	6.526127612e-7
16.875	6.04310056e-7
17.125	5.38907286e-7
17.375	4.695018608e-7
17.625	4.322070468e-7
17.875	6.01166448e-7
18.125	5.508373772e-7
18.375	4.08836018e-7
18.625	4.291329892e-7
18.875	5.67092522e-7
19.125	5.06691888e-7
19.375	3.75423288e-7
19.625	3.85480088e-7
19.875	3.93563704e-7
20.125	3.45155696e-7
20.375	2.99801676e-7
20.625	3.15142032e-7
20.875	2.50914076e-7
21.125	2.83283736e-7
21.375	2.36910728e-7
21.625	2.79691636e-7
21.875	2.60201356e-7
22.125	3.061542e-7
22.375	2.95545196e-7
22.625	2.13534244e-7
22.875	2.43884412e-7
23.125	2.14144228e-7
23.375	1.92992764e-7
23.625	2.16170676e-7
23.875	2.04999004e-7
24.125	1.86370856e-7
24.375	1.90612176e-7
24.625	2.00201244e-7
24.875	2.0451786e-7
25.125	2.03157372e-7
25.375	2.29615732e-7
25.625	1.41661928e-7
25.875	1.69662988e-7
26.125	1.71073128e-7
26.375	1.7216988e-7
26.625	1.67099884e-7
26.875	1.56102564e-7
27.125	1.42652708e-7
27.375	1.29979536e-7
27.625	1.61398084e-7
27.875	1.2433934e-7
28.125	1.15268772e-7
28.375	1.37907984e-7
28.625	1.4151172e-7
28.875	1.51495532e-7
29.125	1.2764506e-7
29.375	1.0812376e-7
29.625	1.01220248e-7
29.875	1.2264132e-7
30.125	1.07284756e-7
30.375	1.12965116e-7
30.625	1.10179932e-7
30.875	9.3013816e-8
31.125	7.8736724e-8
31.375	9.3291612e-8
31.625	9.3364228e-8
31.875	1.01076568e-7
32.125	9.2242468e-8
32.375	8.8404116e-8
32.625	9.3633176e-8
32.875	7.7840876e-8
33.125	6.982128e-8
33.375	8.1914932e-8
33.625	8.0447388e-8
33.875	7.1674764e-8
34.125	7.7279444e-8
34.375	8.3669244e-8
34.625	6.823128e-8
34.875	4.9624052e-8
35.125	4.6078472e-8
35.375	6.3677596e-8
35.625	7.5211048e-8
35.875	6.114888e-8
36.125	4.2969288e-8
36.375	7.3858208e-8
36.625	5.67829e-8
36.875	7.3960188e-8
37.125	7.3328156e-8
37.375	4.535574e-8
37.625	6.7532676e-8
37.875	3.4906728e-8
38.125	6.1904548e-8
38.375	4.8713688e-8
38.625	6.2413728e-8
38.875	5.9143596e-8
39.125	2.1492812e-8
39.375	3.397448e-8
39.625	2.2474824e-8
39.875	5.1544776e-8
40.125	2.8809828e-8
40.375	3.4274704e-8
40.625	2.6175336e-8
40.875	3.2400792e-8
41.125	2.0262888e-8
41.375	4.4229248e-8
41.625	4.126972e-8
41.875	3.1265272e-8
42.125	2.216338e-8
42.375	2.264548e-8
42.625	1.2841064e-8
42.875	1.4849076e-8
43.125	1.084176e-8
43.375	2.580218e-8
43.625	2.2697856e-8
43.875	2.1256488e-8
44.125	1.5101664e-8
44.375	1.8437868e-8
44.625	1.1558832e-8
44.875	2.9364896e-8
45.125	3.1059928e-8
45.375	1.2110412e-8
45.625	1.58822e-8
45.875	2.341494e-8
46.125	2.5129468e-8
46.375	1.8870684e-8
46.625	6.77166e-9
46.875	7.366624e-9
47.125	4.806e-9
47.375	1.9198652e-8
47.625	2.919376e-9
47.875	1.2732752e-8
48.125	0.
48.375	2.2464744e-8
48.625	3.1328872e-8
48.875	2.1149964e-8
49.125	3.331644e-9
49.375	2.92508e-9
49.625	6.835248e-9
49.875	9.733416e-9
50.125	5.65848e-9
50.375	0.
50.625	6.616444e-9
50.875	4.55004e-9
51.125	0.
51.375	1.1923244e-8
51.625	7.890544e-9
51.875	0.
52.125	2.052728e-8
52.375	6.64132e-9
52.625	4.21756e-9
52.875	5.25756e-9
53.125	0.
53.375	9.30776e-9
53.625	9.30748e-9
53.875	0.
54.125	7.898696e-9
54.375	0.
54.625	1.1687484e-8
54.875	0.
55.125	0.
55.375	3.892936e-9
55.625	3.869616e-9
55.875	8.462692e-9
56.125	0.
56.375	0.
56.625	0.
56.875	4.5786e-9
57.125	0.
57.375	0.
57.625	0.
57.875	0.
58.125	0.
58.375	0.
58.625	5.70216e-9
58.875	0.
59.125	0.
59.375	0.
59.625	0.
59.875	0.